frozen=[ 0  0  0 -1  0 -1 -1 -1]
>>> Step 0
>>>> LLR:
[0. 0. 0. 0. 0. 0. 0. 1. 0. 1. 0. 0. 1. 0. 0.]
>>>> BITS:
[[0. 0. 0. 0. 0. 0. 0.]
 [0. 0. 0. 0. 0. 0. 0.]]
>>> Step 1
>>>> LLR:
[0. 0. 0. 0. 0. 0. 0. 1. 0. 1. 0. 0. 1. 0. 0.]
>>>> BITS:
[[0. 0. 0. 0. 0. 0. 0.]
 [0. 0. 0. 0. 0. 0. 0.]]
>>> Step 2
>>>> LLR:
[0. 0. 0. 0. 0. 0. 0. 1. 0. 1. 0. 0. 1. 0. 0.]
>>>> BITS:
[[0. 0. 0. 0. 0. 0. 0.]
 [0. 0. 0. 0. 0. 0. 0.]]
>>> Step 3
>>>> LLR:
[0. 0. 0. 0. 0. 0. 0. 1. 0. 1. 0. 0. 1. 0. 0.]
>>>> BITS:
[[0. 0. 0. 0. 0. 0. 0.]
 [0. 0. 0. 0. 0. 0. 0.]]
>>> Step 4
>>>> LLR:
[ 0.          0.43378083  0.         -1.         -1.          1.
  0.          1.          0.          1.          0.          0.
  1.          0.          0.        ]
>>>> BITS:
[[0. 0. 0. 1. 1. 1. 1.]
 [1. 1. 1. 0. 0. 0. 0.]]
>>> Step 5
>>>> LLR:
[ 0.43378083  0.43378083  0.         -1.         -1.          1.
  0.          1.          0.          1.          0.          0.
  1.          0.          0.        ]
>>>> BITS:
[[0. 0. 0. 1. 1. 1. 1.]
 [1. 1. 1. 0. 0. 0. 0.]]
>>> Step 6
>>>> LLR:
[-0.73532566 -2.          1.         -1.         -1.          1.
  0.          1.          0.          1.          0.          0.
  1.          0.          0.        ]
>>>> BITS:
[[0. 0. 0. 1. 1. 1. 1.]
 [0. 1. 1. 0. 0. 0. 0.]]
>>> Step 7
>>>> LLR:
[ 3. -2.  1. -1. -1.  1.  0.  1.  0.  1.  0.  0.  1.  0.  0.]
>>>> BITS:
[[1. 0. 0. 1. 1. 1. 1.]
 [0. 1. 1. 0. 0. 0. 0.]]
d_hat=[0. 0. 0. 1. 0. 0. 1. 0.]
LLR=[ 3. -2.  1. -1. -1.  1.  0.  1.  0.  1.  0.  0.  1.  0.  0.]
u=[1. 0. 1. 0.]