>>> Step 1: 
>>>> LLR
     0     0     0     0     0     0     0     1     0     1     0     0     1     0     0

>>>> BITS
     0     0     0     0     0     0     0
     0     0     0     0     0     0     0

>>> Step 2: 
>>>> LLR
     0     0     0     0     0     0     0     1     0     1     0     0     1     0     0

>>>> BITS
     0     0     0     0     0     0     0
     0     0     0     0     0     0     0

>>> Step 3: 
>>>> LLR
     0     0     0     0     0     0     0     1     0     1     0     0     1     0     0

>>>> BITS
     0     0     0     0     0     0     0
     0     0     0     0     0     0     0

>>> Step 4: 
>>>> LLR
     0     0     0     0     0     0     0     1     0     1     0     0     1     0     0

>>>> BITS
     0     0     0     0     0     0     0
     0     0     0     0     0     0     0

>>> Step 5: 
>>>> LLR
  Columns 1 through 10

         0    0.4338         0   -1.0000   -1.0000    1.0000         0    1.0000         0    1.0000

  Columns 11 through 15

         0         0    1.0000         0         0

>>>> BITS
     0     0     0     1     1     1     1
     1     1     1     0     0     0     0

>>> Step 6: 
>>>> LLR
  Columns 1 through 10

    0.4338    0.4338         0   -1.0000   -1.0000    1.0000         0    1.0000         0    1.0000

  Columns 11 through 15

         0         0    1.0000         0         0

>>>> BITS
     0     0     0     1     1     1     1
     1     1     1     0     0     0     0

>>> Step 7: 
>>>> LLR
  Columns 1 through 10

   -0.7353   -2.0000    1.0000   -1.0000   -1.0000    1.0000         0    1.0000         0    1.0000

  Columns 11 through 15

         0         0    1.0000         0         0

>>>> BITS
     0     0     0     1     1     1     1
     0     1     1     0     0     0     0

>>> Step 8: 
>>>> LLR
     3    -2     1    -1    -1     1     0     1     0     1     0     0     1     0     0

>>>> BITS
     1     0     0     1     1     1     1
     0     1     1     0     0     0     0



ans =

     1
     0
     1
     0